Functional route PASS: resident → A pickup/drop/open/kill → B → save/load B → A tombstone/drop/door/death → save/load A.
cycle,scenes,items,enemies,listeners,managedBytes,nativeAllocatedBytes,loadMs
0,1,15,2,1,1287008256,562004395,5.614
1,1,15,2,1,1287008256,562003499,8.584
2,1,15,2,1,1287008256,562015483,6.469
3,1,15,2,1,1287008256,562025627,14.669
4,1,15,2,1,1287008256,562039083,14.053
5,1,15,2,1,1287008256,562111987,15.479
6,1,15,2,1,1287008256,562118171,12.919
7,1,15,2,1,1287008256,562128443,6.727
8,1,15,2,1,1287008256,562137043,7.118
9,1,15,2,1,1287008256,562144362,5.917
10,1,15,2,1,1287008256,562149994,14.028
11,1,15,2,1,1287008256,562155538,14.117
PASS: 12 full A↔B cycles; cancellation and session restart; global shelter flow remains session-owned.
