Functional route PASS: resident → A pickup/drop/open/kill → B → save/load B → A tombstone/drop/door/death → save/load A.
cycle,scenes,items,enemies,listeners,managedBytes,nativeAllocatedBytes,loadMs
0,1,15,2,1,1202778112,408820866,1.870
1,1,15,2,1,1202778112,408821446,1.445
2,1,15,2,1,1202778112,408848686,2.141
3,1,15,2,1,1202778112,408853102,1.418
4,1,15,2,1,1202778112,408857398,1.857
5,1,15,2,1,1202778112,408857638,1.449
6,1,15,2,1,1202778112,408863886,1.809
7,1,15,2,1,1202778112,408867254,1.540
8,1,15,2,1,1202778112,408860374,1.886
9,1,15,2,1,1202778112,408860462,1.432
10,1,15,2,1,1202778112,408860782,1.375
11,1,15,2,1,1202778112,408860710,1.338
PASS: 12 full A↔B cycles; cancellation and session restart; global shelter flow remains session-owned.
